0 0.4124842660320641 0.5075970445632798 0.42116927354709416 0.5071366809269162 0.42184916332665334 0.5058396506238859 0.42227031012024047 0.48954064081996435 0.38239077004008015 0.49138021925133696 0.3818020921843687 0.5072153814616756 0.3918864088176353 0.5074223324420677 0.3919303607214429 0.5238209188948307 0.41198970791583167 0.5246486087344029 0.4120434614228457 0.5245460632798573 0.4124842660320641 0.5075970445632798
0 0.41905883917835673 0.5800492816399287 0.42226843987975954 0.5953456871657754 0.42285929759519036 0.5957282620320855 0.45267856663326655 0.5706918003565062 0.45283972394789584 0.5699041158645276 0.449407746492986 0.5550617691622104 0.44933445090180363 0.5550143101604278 0.41905883917835673 0.5800492816399287
0 0.43286573146292584 0.6981104144385027 0.43286573146292584 0.6983082361853833 0.43737014529058116 0.7129773235294118 0.44365558767535074 0.7073284456327986 0.44838821843687376 0.7218496586452763 0.470170377254509 0.7019498770053476 0.4714428857715431 0.7007462201426025 0.4714428857715431 0.7002232976827094 0.46714090330661323 0.6858299456327986 0.45573862775551105 0.6962279634581106 0.4512220886773547 0.6822734821746881 0.43286573146292584 0.6981104144385027
0 0.4397497109218437 0.8819330472370767 0.44342937725450904 0.8661506301247772 0.45190790731462926 0.8706665222816399 0.456783757014028 0.8480700543672014 0.4484521973947896 0.8432084358288771 0.45191774549098196 0.8274173814616755 0.4475587184368738 0.8244406844919786 0.44275932965931863 0.8216106488413547 0.43995445290581164 0.8326767174688057 0.4314293617234469 0.8284451729055259 0.41457624498997997 0.9040677664884135 0.4177548812625251 0.9062383975044563 0.4231185475951904 0.9092202210338681 0.43042068386773547 0.8764191310160427 0.4397497109218437 0.8819330472370767
0 0.8596948076152304 1 0.8066454939879759 0.8792962549019607 0.7876588887775551 0.9130266408199644 0.8042966492985971 0.9506440133689841 0.8362126968937876 1 0.8596948076152304 1
0 0.9622023041082164 0.5999828921568627 0.9858811788577154 0.5597732370766488 0.9869739478957916 0.5570975516934046 0.9869739478957916 0.5570628894830659 0.9686798592184369 0.5351822682709447 0.9435309834669339 0.5775228841354724 0.9496893106212425 0.5854824893048128 0.9622023041082164 0.5999828921568627
0 0.9532102114228458 0.5394881853832442 0.9948006703406813 0.5376688030303031 0.9959915516032064 0.537295247771836 0.9961781152304608 0.48316473885918 0.995491873747495 0.47624123707664884 0.9534646072144288 0.48055691265597145 0.9532102114228458 0.5394881853832442
0 0.9550879403807615 0.47529655258467024 0.9581849223446894 0.48766159269162207 0.9583445250501001 0.48806708467023174 0.9888766958917835 0.460387371657754 0.9918458637274549 0.45668884046345815 0.9890465230460922 0.4433133493761141 0.9889269889779558 0.44300965864527625 0.9550879403807615 0.47529655258467024
0 0.9364997970941883 0.4651838966131907 0.9410055926853708 0.4472004625668449 0.9406335636272546 0.4465151203208556 0.9379312925851704 0.4443436604278075 0.9378129604208417 0.4445469465240642 0.9333790786573146 0.46234785115864524 0.9364997970941883 0.4651838966131907
0 0.9797355666332666 0.4822135427807486 0.9907475546092184 0.4315413983957219 0.9914829659318637 0.42629420766488413 0.9914829659318637 0.42225666844919785 0.9844262089178356 0.41912667201426024 0.9717774483967936 0.4773310864527629 0.9789162885771543 0.48185015508021384 0.9797355666332666 0.4822135427807486
0 0.5646189789579158 0.5225786105169341 0.5702207269539078 0.5213550231729055 0.5871743486973948 0.5168649839572192 0.5871743486973948 0.5149983957219252 0.5864445460921843 0.5044246408199643 0.5686053056112224 0.3242545570409982 0.5460674744488978 0.3338365846702317 0.5646189789579158 0.5225786105169341