0 0.7760611145113524 0.8664500649122807 0.8240381994076998 0.9419746745614034 0.825115538005923 0.9430800912280702 0.8395724022704837 0.9184812938596492 0.8402613218163869 0.9163606692982456 0.79126707946693 0.8396519649122808 0.7760611145113524 0.8664500649122807
0 0.28036198025666337 0 0.2801303642645607 0.0034594456140350878 0.28903084945705826 0.003755561403508772 0.288627581934847 0.01550755350877193 0.29030569792694966 0.01608726140350877 0.2992873045409674 0.015918576315789475 0.29967819052319844 0.0032400008771929826 0.29029915350444224 0 0.28036198025666337 0
0 0.3422244141164857 0.1700061456140351 0.31884508933859823 0.13503386315789473 0.3133042003948667 0.14861129824561403 0.3181370078973346 0.15576989385964912 0.31222770533070093 0.1699791754385965 0.33183164215202365 0.19968481754385964 0.3320867314906219 0.19926206842105262 0.34306354985192494 0.17160537631578948 0.3422244141164857 0.1700061456140351
0 0.38231246989141165 0.6285140850877193 0.3907950187561698 0.6223395517543859 0.3947626673247779 0.6190514877192983 0.39340483810463966 0.6108066991228069 0.39161201826258635 0.6039738982456141 0.3793691821322803 0.6118805342105264 0.38231246989141165 0.6285140850877193
0 0.41342826209279365 0.5833383140350877 0.4132075913129319 0.5822608245614035 0.39449162537018756 0.590771197368421 0.4000898785784798 0.6298245614035087 0.4012078450148075 0.6298245614035087 0.41286649753208293 0.6222832157894737 0.41017596594274436 0.602845252631579 0.41530439338598224 0.6007293 0.41342826209279365 0.5833383140350877
0 0.4220138203356367 0.7031597122807017 0.4220138203356367 0.7006420789473684 0.41849108193484696 0.6865805719298246 0.3935453948667325 0.7008339315789474 0.3978934876604146 0.7183271368421053 0.4220138203356367 0.7031597122807017
0 0.40149787413622906 0.7033160210526316 0.38818593830207304 0.6962715692982456 0.38529545755182626 0.7097422929824562 0.37262411846001975 0.7034821263157894 0.36966214363277394 0.7196611149122807 0.3959135612043435 0.7321350280701754 0.3997375281342547 0.7333333333333333 0.4006614086870681 0.7333333333333333 0.40296298124383023 0.7228249666666666 0.40339709230009874 0.7184495771929824 0.3982571535044423 0.7152056210526316 0.40149787413622906 0.7033160210526316
0 0.39450427986179665 0.8048596921052631 0.39882880651530106 0.7910225561403509 0.3998025666337611 0.785996646491228 0.3998025666337611 0.7857262087719299 0.3808519837117473 0.7711086184210526 0.3747359674234946 0.7908462324561404 0.3888820651530108 0.8014192535087719 0.39450427986179665 0.8048596921052631
0 0.4314696796643633 0.7670583789473684 0.428698385982231 0.7724950184210526 0.42504208341559724 0.7680494868421053 0.42125500197433363 0.7748541263157895 0.43421359921026653 0.7936298131578947 0.4373324017769003 0.7973684210526316 0.4388438578479763 0.7973684210526316 0.44137092892398816 0.790710102631579 0.4374301456071076 0.7844254885964912 0.4400351307996051 0.7782995921052631 0.4314696796643633 0.7670583789473684
0 0.41909123247778873 0.7981518570175439 0.3989484447186574 0.8113152894736843 0.4012080957551826 0.820335003508772 0.39124616386969396 0.8276551307017543 0.3939468381046397 0.8378992956140351 0.4282626791707798 0.8162585438596491 0.4348469891411649 0.8110486605263157 0.4348469891411649 0.8105127254385965 0.4340025547877591 0.8071420473684211 0.4320987058242843 0.801383752631579 0.42209623050345507 0.807773195614035 0.41909123247778873 0.7981518570175439
0 0.3781623519249753 0.8386722956140351 0.3930535947680158 0.8558390622807017 0.3965639412635735 0.8590177692982456 0.4031347472852912 0.8456034754385965 0.40368373247778877 0.84368865 0.38561376357354393 0.8240034552631579 0.3781623519249753 0.8386722956140351
0 0.39566977147087856 0.8922583157894737 0.37845750394866734 0.8990551166666667 0.37764594323790723 0.90026535 0.40128628825271473 0.9942221859649123 0.40138417226061207 0.9944295026315789 0.41825372063178673 0.9864721245614035 0.41931731194471866 0.984886053508772 0.39577047384007896 0.892471600877193 0.39566977147087856 0.8922583157894737