0 0.6321442344868735 0.25258761995753715 0.6402147971360382 0.19881519426751593 0.6402147971360382 0.19801710615711254 0.5901213102625298 0.18087139702760086 0.5830139821002387 0.23627878556263268 0.628230744033413 0.2514848121019108 0.6321442344868735 0.25258761995753715
0 0.5338354821002387 0.25202214437367304 0.5548001581145584 0.28962858492569005 0.5558639809069212 0.28922626963906584 0.5807492326968974 0.23563709341825903 0.5804223371121718 0.2329008322717622 0.5602154570405729 0.19646259872611466 0.5338354821002387 0.25202214437367304
0 0.5068145745823389 0.2730709522292994 0.5150370119331742 0.32253280148619956 0.5164997917661097 0.32348005838641186 0.5433803108591886 0.30823294798301487 0.5437937828162291 0.3062117760084926 0.5362887834128879 0.25576680997876855 0.5068145745823389 0.2730709522292994
0 0.4089842267303103 0.4043942653927813 0.4107799630071599 0.41878815711252654 0.4185949659904534 0.41585731316348196 0.4201889892601432 0.42854352972399146 0.42753800596658714 0.42636394692144375 0.4296772983293556 0.43885467622080676 0.43664809546539385 0.4365084416135881 0.4379917344868735 0.44768308704883225 0.4389402052505966 0.44843441613588114 0.5209110202863962 0.41239246921443734 0.5214092750596658 0.4104013736730361 0.5195895202863962 0.3993060668789809 0.5129045799522672 0.4032351634819533 0.5107291903341289 0.38860651380042466 0.5038347130071599 0.3915136475583864 0.5022482959427208 0.378666144373673 0.49534221002386636 0.381331042462845 0.4931060853221957 0.36828755307855626 0.4089842267303103 0.4043942653927813
0 0.39813925656324584 0.40226334607218683 0.42213035680190936 0.4102442112526539 0.4232228764916468 0.40855448832271757 0.42830441050119333 0.36371247876857754 0.4281055942720764 0.36330555626326966 0.40366944868735083 0.3548418152866242 0.39813925656324584 0.40226334607218683
0 0.41977969510739854 0.12049428662420382 0.4405326980906921 0.19965673460721867 0.44134006384248214 0.1999620636942675 0.4677174653937947 0.17567384182590234 0.4680194039379475 0.17314648195329085 0.44632101551312653 0.09270348513800425 0.41977969510739854 0.12049428662420382
0 0.49351935083532217 0.060325667728237796 0.4935229665871122 0.06050988322717622 0.49873323090692123 0.07218683651804671 0.5001791336515513 0.07218683651804671 0.5136693448687351 0.052746037154989385 0.5136655447494034 0.05255243099787686 0.5081425035799523 0.039194489384288746 0.49351935083532217 0.060325667728237796
0 0.5124878054892602 0.08784894267515923 0.5165511467780429 0.05697877388535032 0.5157268914081146 0.055167786624203824 0.5077991020286396 0.051400154989384286 0.5036380304295943 0.08430840127388535 0.5124878054892602 0.08784894267515923
0 0.5060760602625298 0.08282600743099787 0.5209438597852029 0.10126893630573248 0.5217847368735083 0.10078283014861995 0.5267714809069213 0.08884285031847133 0.5267265960620525 0.08859706794055201 0.5109405912887828 0.06916542675159235 0.5060760602625298 0.08282600743099787
0 0.5114648896181384 0.09813638641188958 0.5145174212410502 0.11209381528662421 0.5157040322195704 0.11265951167728237 0.5317521062052506 0.10091485774946922 0.5321064999999999 0.0985616687898089 0.5293126706443914 0.08559748089171976 0.5114648896181384 0.09813638641188958
0 0.5245692911694511 0.10161918152866242 0.5315199510739858 0.132228525477707 0.5324821545346062 0.13271941719745223 0.539373834725537 0.1278106390658174 0.5398100214797136 0.12510419426751593 0.5334245119331742 0.09591053078556262 0.5245692911694511 0.10161918152866242