0 0.35313626666666664 0.20363549814814813 0.3576437755208334 0.19022246018518518 0.3513998255208334 0.18330099444444442 0.3570733359375 0.16703397407407408 0.33457338645833334 0.14016118796296298 0.3239286463541667 0.17013307037037037 0.3277611588541667 0.17605582962962962 0.3519682916666667 0.20602412407407408 0.35313626666666664 0.20363549814814813
0 0.864643153125 1 0.8765393296875 0.9958890981481482 0.8769028875 0.8898588222222222 0.8767471526041667 0.8884344925925926 0.8533520984374999 0.8857987648148148 0.8530753322916667 1 0.864643153125 1
0 0.42052698072916667 1 0.44004231614583333 0.9813219462962963 0.44045653437500004 0.9805593944444444 0.4339635244791667 0.9452775111111111 0.40495044166666666 0.9748438416666667 0.419603546875 1 0.42052698072916667 1
0 0.4043175526041667 0.8847993824074074 0.4019833057291667 0.9069446138888889 0.40198635364583335 0.9070220944444444 0.41964252395833335 0.906859237962963 0.424407128125 0.9062669296296296 0.4267908171875 0.8872251638888888 0.4267487671875 0.886156112037037 0.4043175526041667 0.8847993824074074
0 0.43945581614583334 0.8946023277777778 0.44425560364583333 0.8873822444444445 0.45066954427083333 0.9013624675925925 0.45613910625000004 0.8934884287037037 0.43265959375 0.8393974018518519 0.4272434786458333 0.8287037037037037 0.42718183489583333 0.8287037037037037 0.42300444427083334 0.8370839324074074 0.4307404583333333 0.8549784305555556 0.4259066833333333 0.8627415759259259 0.43945581614583334 0.8946023277777778
0 0.39750274270833336 0.8396946694444444 0.41523122447916666 0.8539327407407407 0.4183555015625 0.8559543296296296 0.4227365661458334 0.8425238009259259 0.42418899374999997 0.8354295574074074 0.40399592968750003 0.8195542953703704 0.39750274270833336 0.8396946694444444
0 0.46581409739583335 0.8227739194444444 0.4621323901041666 0.8207356842592592 0.4639172916666666 0.8116534601851851 0.4588260182291667 0.8084964666666667 0.4581814953125 0.8081894453703704 0.4505353588541666 0.8454395712962963 0.4505208333333333 0.8455359444444445 0.4505208333333333 0.8462827851851852 0.45617914375 0.8493497731481482 0.457999184375 0.8405036407407407 0.4627579765625 0.843050537962963 0.46581409739583335 0.8227739194444444
0 0.42484773385416663 0.7433393685185185 0.4112823588541667 0.7407641046296296 0.4081141067708333 0.7556294537037037 0.3950223630208333 0.7521070574074074 0.39238131718749997 0.7693705657407407 0.42571498645833333 0.7768518518518519 0.42695097291666667 0.7768518518518519 0.42907051354166664 0.762115387037037 0.42911653437499997 0.7597725111111111 0.42276731197916667 0.7587068583333334 0.42484773385416663 0.7433393685185185
0 0.4275516635416666 0.7221936851851852 0.4270072645833333 0.7712962962962963 0.43220539739583336 0.7712962962962963 0.4378430307291667 0.7694498916666667 0.43803926875 0.7331699092592592 0.4375094859375 0.7197010203703704 0.4275516635416666 0.7221936851851852
0 0.4026510020833333 0.643271862037037 0.4075282145833333 0.6666847611111111 0.41673485989583336 0.6625308037037038 0.4171875 0.6621725314814815 0.4171875 0.6599950342592592 0.41619271354166665 0.655343062962963 0.4116813458333333 0.6373293787037038 0.40444888489583336 0.6418488064814816 0.4026510020833333 0.643271862037037
0 0.43836374895833335 0.6213977712962964 0.43762773125 0.617802762962963 0.41832556197916665 0.6292569666666666 0.4243382510416666 0.6693023009259259 0.42436735260416664 0.6694444444444444 0.42604927187499997 0.6694444444444444 0.43811777916666667 0.6616354185185185 0.43489175208333336 0.6416588388888889 0.44070954791666667 0.6379209935185185 0.43836374895833335 0.6213977712962964