0 0.9438883552631578 0.9249215660569106 0.957790712242563 0.8912280111788617 0.9582666956521739 0.8890252845528456 0.8955257545766591 0.8179293343495935 0.8946486893592677 0.8173312591463415 0.8795965697940503 0.8524998424796747 0.9438883552631578 0.9249215660569106
0 0.3473762597254005 0.03784622662601626 0.3497617814645309 0.056910569105691054 0.35331536842105266 0.056910569105691054 0.3792906178489702 0.049974868902439025 0.3792906178489702 0.048504251016260165 0.37408350629290615 0.010851640243902437 0.34022512700228835 0.020284008130081303 0.34060859668192217 0.039791155487804875 0.3473762597254005 0.03784622662601626
0 0.43245389645308924 0.568089430894309 0.43298297597254004 0.568089430894309 0.43590217448512586 0.555075968495935 0.43821510297482835 0.543143325203252 0.43821510297482835 0.5424081971544715 0.4291303432494279 0.5339403729674796 0.4226794885583524 0.559643362804878 0.43162922597254005 0.5675850030487805 0.43245389645308924 0.568089430894309
0 0.4434128043478261 0.5157617632113821 0.43890801601830665 0.5545806006097561 0.43888714588100686 0.5549333384146341 0.4608223575514874 0.5630081300813008 0.46527416018306633 0.5630081300813008 0.4667585280320366 0.5369582032520325 0.4539143981693364 0.5320333882113821 0.45527978775743705 0.5214682682926829 0.4434128043478261 0.5157617632113821
0 0.46355715045766593 0.6758130081300813 0.46458973970251716 0.6758130081300813 0.47024970881006867 0.6590795142276422 0.4460513140732265 0.6264779217479676 0.4395965268878718 0.6454357581300814 0.46355715045766593 0.6758130081300813
0 0.42021053489702515 0.6645428628048781 0.4292978518306636 0.6688302906504066 0.42677266533180774 0.6955350406504065 0.4337393037757437 0.698170731707317 0.4377558495423341 0.698170731707317 0.4425829748283753 0.643840724593496 0.44279176201373 0.6385366880081301 0.44279176201373 0.6345354684959349 0.43288507379862695 0.6297315447154471 0.4312710303203661 0.6416274817073171 0.42316679977116706 0.6364314075203252 0.42021053489702515 0.6645428628048781
0 0.4210911424485126 0.7701103302845528 0.4436121739130435 0.7574672144308944 0.44456691132723114 0.7567819796747967 0.44210378890160185 0.7364735589430894 0.44101353146453093 0.7316799156504065 0.4183440057208238 0.744912706300813 0.4181089147597254 0.7450814359756097 0.4210911424485126 0.7701103302845528
0 0.4748059061784897 0.7427670660569106 0.4781188438215103 0.7488984664634147 0.4749310326086956 0.7560489796747967 0.4784779433638444 0.7632174176829268 0.47916261441647595 0.764167668699187 0.49282257151029746 0.7383176107723578 0.4954233409610984 0.7324041951219512 0.4954233409610984 0.7295594349593496 0.4910375268878719 0.7242669288617887 0.4865865983981693 0.731928230691057 0.4828117946224256 0.726082712398374 0.4748059061784897 0.7427670660569106
0 0.4668485697940503 0.7968409359756098 0.473452573798627 0.79581456199187 0.4729298512585812 0.7852008912601627 0.48528308810068654 0.7838727489837398 0.4847479147597254 0.7730062560975609 0.4846167854691075 0.7708280640243903 0.43363844393592677 0.7716770975609757 0.43363844393592677 0.7728321412601625 0.4350531905034325 0.7852536422764227 0.4473714828375286 0.7849594542682926 0.44862176773455376 0.797513168699187 0.4668485697940503 0.7968409359756098
0 0.43059915846681923 0.835140331300813 0.4431908438215103 0.8355599776422764 0.4434744725400458 0.8354343546747968 0.4408728609839817 0.802673825203252 0.4393061533180778 0.7915112794715446 0.42680665560640735 0.7914955223577236 0.4265036876430206 0.7916297113821138 0.43059915846681923 0.835140331300813
0 0.4391084605263158 0.866180599593496 0.4286251590389016 0.9849965040650407 0.4286466693363844 0.9853077052845528 0.44788912299771166 0.9965036890243902 0.44946718764302057 0.9961594857723578 0.459405245423341 0.8799472022357724 0.4593831161327231 0.8796270416666666 0.4391084605263158 0.866180599593496