0 0.9950683584247259 0.2542563040780142 0.9956935837487537 0.2485657810283688 0.9934685423728813 0.24713067819148934 0.9935117108673979 0.24546122429078016 0.9905149496510469 0.24392424911347516 0.9905900558325025 0.24193163031914897 0.9883050039880359 0.24081535372340426 0.9885888838484547 0.23486951684397164 0.9863620862412762 0.23327802039007092 0.9866182657028912 0.22844162322695033 0.9838625987038884 0.22630410283687943 0.9839040917248255 0.2242706906028369 0.9813874466600199 0.2224422464539007 0.9819895937188434 0.21740132890070923 0.979356642572283 0.21600441578014185 0.9799561201395813 0.2105587774822695 0.9770195059820539 0.20861517287234044 0.9777348564307078 0.20384908776595745 0.9752479491525423 0.20241641312056738 0.9755219416749751 0.20006703989361702 0.9725878614157527 0.19809865868794327 0.9731418788634097 0.19346743439716313 0.9706884022931207 0.19047573581560284 0.9652634616151545 0.2730496453900709 0.9678628763708874 0.2730496453900709 0.9994856600199401 0.25902819326241133 0.9975091744765703 0.258118125 0.9977137153539382 0.2559529060283688 0.9950683584247259 0.2542563040780142
0 0.6254770667996011 0.8479747863475178 0.635908238783649 0.8269516134751773 0.6392605324027916 0.8184375452127659 0.6065609421734796 0.773964664893617 0.5919932801595215 0.8035324583333333 0.6254770667996011 0.8479747863475178
0 0.5537523040877368 0.8472855203900709 0.5727397916251247 0.8653836294326241 0.5728802567298106 0.8652827039007093 0.5896660927218346 0.8155047030141844 0.5893620633100698 0.8141664813829786 0.5709403619142572 0.7970805673758866 0.5537523040877368 0.8472855203900709
0 0.5302575712861416 0.8532573076241134 0.5353767901296111 0.8899005726950355 0.5357251151545364 0.890229939716312 0.5595507662013958 0.8834639787234042 0.5597447492522433 0.8828151781914894 0.5545960947158524 0.8466599308510638 0.5302575712861416 0.8532573076241134
0 0.4679049790628116 0.9374639069148936 0.4600471490528415 0.9266335221631204 0.45185118245264205 0.9168743200354609 0.43750426470588233 0.9446264521276596 0.4452718604187438 0.9535301267730497 0.4530356326021934 0.9636961569148937 0.4546165712861416 0.9632004148936171 0.4679049790628116 0.9374639069148936
0 0.5251626944167498 0.9805537269503546 0.5205704501495514 0.9744189893617021 0.5241867597208375 0.9667116170212767 0.5196109356929213 0.9609080514184397 0.523358255234297 0.9531925718085107 0.5185421011964108 0.9471155115248228 0.5223253344965105 0.9402675478723403 0.5222895842472582 0.9400595975177305 0.48543029960119644 0.8938345877659575 0.46451134396809574 0.9052082641843971 0.46716358723828516 0.9083557978723404 0.46341275772681956 0.9159652473404255 0.46345001944167497 0.916181989361702 0.520632165004985 0.9879755859929078 0.5219644217347956 0.987251234929078 0.5251626944167498 0.9805537269503546
0 0.5184907911266201 0.6761456586879433 0.5226812008973081 0.6874872845744681 0.5235353569292124 0.6875935035460993 0.5358336525423729 0.6727146285460993 0.5318508888334995 0.6612155195035461 0.5184907911266201 0.6761456586879433
0 0.5257219670987039 0.6775498767730497 0.5316386764705883 0.7015636365248227 0.5323828504486541 0.7018691710992908 0.5382735827517448 0.6975201249999999 0.5384412492522432 0.6962285957446809 0.5325421311066799 0.6720896471631206 0.5257219670987039 0.6775498767730497
0 0.533847559322034 0.6851342632978723 0.533445738783649 0.712336759751773 0.5336383848454636 0.7125949237588652 0.5410299182452643 0.7122986143617022 0.5411975458624128 0.7119030177304965 0.5412727577268195 0.6855469476950354 0.533847559322034 0.6851342632978723
0 0.5353382996011964 0.7191894884751773 0.5406230239282154 0.7253969512411347 0.5417625184446659 0.7245782163120567 0.5491754092721834 0.7028925478723405 0.5428820578265204 0.6958405372340426 0.5353382996011964 0.7191894884751773
0 0.5444650019940179 0.7341780257092199 0.5513121131605185 0.7375188484042553 0.5521271375872382 0.7365775877659574 0.5570542337986042 0.712737945035461 0.5499766071784646 0.7085375700354609 0.5444650019940179 0.7341780257092199
0 0.45421800049850447 0.7431072287234043 0.48479104087736785 0.793508269503546 0.4851533270189432 0.7933830345744681 0.5011458384845463 0.7647204893617021 0.5010226909272183 0.7635938218085107 0.4697496884346959 0.7147178226950354 0.46966322831505486 0.7147477101063829 0.45421800049850447 0.7431072287234043