0 0.6489612334096111 0.30691056910569103 0.652681104118993 0.2265937042682927 0.652745995423341 0.22439414532520327 0.652745995423341 0.22208203556910572 0.6227299456521739 0.2136834430894309 0.6185517482837529 0.3004504827235773 0.6487970491990847 0.30691056910569103 0.6489612334096111 0.30691056910569103
0 0.5632373638443936 0.30477038313008126 0.5881459353546911 0.3295345487804878 0.5890666659038901 0.328664881097561 0.6040423792906178 0.2676672693089431 0.6033346424485125 0.265302743902439 0.5792980326086957 0.24125783130081302 0.5632373638443936 0.30477038313008126
0 0.5321347597254005 0.33024380182926827 0.5523520102974828 0.3653124725609756 0.5534910612128147 0.36502809756097565 0.5736740308924485 0.3317969024390244 0.5735373787185354 0.33006963719512195 0.5526197437070939 0.2945126483739838 0.5321347597254005 0.33024380182926827
0 0.4481275532036613 0.4898015548780488 0.45359849256292906 0.5000376158536586 0.4592078661327231 0.4907769918699187 0.4640390520594966 0.4997887174796748 0.4694739656750572 0.4915533445121951 0.4746990280320366 0.4999263262195122 0.4797768426773455 0.49188599186991866 0.4839827042334096 0.49987699898373983 0.48497075 0.4996614888211382 0.5423357191075515 0.39817810670731707 0.5421925772311212 0.39610716361788617 0.5376174359267735 0.38859892682926833 0.5332138867276888 0.39768736382113823 0.5273657671624714 0.38759171036585366 0.5225063564073227 0.3960253587398374 0.5176366561784898 0.38687461077235774 0.5127004708237987 0.39511966768292683 0.5072424044622426 0.38637804776422763 0.4481275532036613 0.4898015548780488
0 0.43248039130434784 0.39662814227642273 0.43142273226544625 0.43815666971544714 0.43247025114416476 0.4397742713414634 0.4570785886727689 0.4423707459349594 0.45726921567505724 0.4419811930894309 0.45852517791762015 0.3996376829268292 0.43248039130434784 0.39662814227642273
0 0.4501738329519451 0.17342730792682926 0.4751227431350114 0.2443382032520325 0.4759111361556064 0.24446073272357724 0.4994183964530892 0.21590724898373984 0.499539754576659 0.21344312398373982 0.47360705491990845 0.14151171239837398 0.4501738329519451 0.17342730792682926
0 0.5224027540045767 0.1047032286585366 0.5253360612128146 0.11955012296747967 0.5255960932494279 0.11967389634146341 0.5418855863844394 0.10793362093495935 0.5420250223112129 0.10700920426829268 0.5388965972540046 0.09286128963414633 0.5224027540045767 0.1047032286585366
0 0.5289999508009153 0.1278336463414634 0.5357651498855835 0.13754997154471546 0.5360150612128146 0.1374310162601626 0.5465021104118993 0.11241832926829268 0.5463303461098399 0.11127958130081302 0.5397723386727689 0.10260469105691057 0.5289999508009153 0.1278336463414634
0 0.5470893037757437 0.15081134959349593 0.5503533197940503 0.12065706707317073 0.5496793323798627 0.1193273455284553 0.5418981481693365 0.11623371951219512 0.5384669628146452 0.14856125 0.5470893037757437 0.15081134959349593
0 0.5424035554919908 0.1596774674796748 0.549426159610984 0.16497850609756098 0.5507156538901602 0.1636021219512195 0.556924881006865 0.1369102764227642 0.5561212208237986 0.13453428353658536 0.5491742889016018 0.12936237906504064 0.5424035554919908 0.1596774674796748
0 0.5609712917620138 0.17886178861788618 0.5615408278032037 0.17886178861788618 0.5621943340961099 0.17880094817073172 0.5680778032036613 0.17036243089430894 0.5680778032036613 0.16897374898373985 0.5564193598398169 0.14514869105691058 0.549771167048055 0.1553492987804878 0.549771167048055 0.15537120528455284 0.5609712917620138 0.17886178861788618