0 0.6128993076923077 0.8342206526418786 0.6265018604395605 0.8588060929549902 0.6299531131868132 0.86378307925636 0.6577400318681318 0.8076701947162427 0.6600052148351648 0.8026887583170254 0.6429511021978023 0.7720798512720156 0.6128993076923077 0.8342206526418786
0 0.5670783807692308 0.8492413953033269 0.600319271978022 0.8735613346379647 0.6009777884615385 0.8728567054794522 0.6085054456043956 0.8343402935420744 0.6082262521978021 0.8335128258317025 0.5745886752747252 0.8093705342465753 0.5670783807692308 0.8492413953033269
0 0.545008567032967 0.9051489902152642 0.5681982038461538 0.9071606350293542 0.5685086538461539 0.9066077798434442 0.5723941692307692 0.8593698336594913 0.5487633725274725 0.8571293326810177 0.545008567032967 0.9051489902152642
0 0.46992605659340664 0.952549717221135 0.45006087142857143 0.9340600518590998 0.4469464423076923 0.951330373776908 0.4426810241758242 0.9707485205479452 0.46296647637362637 0.989600927592955 0.4630494615384615 0.9895320156555774 0.4672633532967033 0.9716600117416829 0.4704990934065934 0.9547381360078279 0.46992605659340664 0.952549717221135
0 0.48771302857142856 0.9940794804305283 0.4924232434065934 0.9869143894324853 0.4960638961538461 0.9961113483365949 0.5010026653846154 0.9885615753424658 0.5040973510989011 0.9975526125244619 0.5042771324175824 0.9975358336594912 0.5267731670329671 0.9629450440313111 0.5250992906593407 0.9060665362035225 0.5250704945054945 0.9060665362035225 0.47524331703296707 0.9825996203522505 0.47912856923076924 0.9922421291585127 0.48404231978021983 0.9851341956947163 0.48771302857142856 0.9940794804305283
0 0.5290048956043956 0.6676734833659491 0.5444554725274725 0.6816053209393347 0.5445630807692308 0.681507680039139 0.5482271510989011 0.6679452553816047 0.5478999653846154 0.6668017211350293 0.5328529478021978 0.6544358816046967 0.5290048956043956 0.6676734833659491
0 0.5352199318681319 0.6836641643835617 0.5391895346153847 0.6948738542074364 0.5405275175824176 0.6950823140900196 0.5534225950549451 0.6809208356164383 0.5535004609890111 0.6793358874755382 0.5497003445054944 0.6678681565557729 0.5352199318681319 0.6836641643835617
0 0.5428942 0.6842316046966732 0.5496179697802198 0.7117758091976517 0.5498780324175824 0.7118742495107632 0.5571840472527473 0.7054464050880627 0.557247876923077 0.704911633072407 0.5504195516483517 0.6784850459882583 0.5428942 0.6842316046966732
0 0.5461060010989011 0.7073410919765166 0.5489374065934066 0.7199571477495107 0.5498316857142858 0.7203542162426614 0.564381443956044 0.7087532054794521 0.5616459703296703 0.6957623904109589 0.5461060010989011 0.7073410919765166
0 0.5549982901098901 0.7242790782778865 0.5597793857142858 0.7353120812133073 0.5608478978021978 0.7354451399217221 0.5740770175824176 0.7202513943248533 0.5694136159340659 0.7081884256360078 0.5549982901098901 0.7242790782778865
0 0.4651595521978022 0.7224942299412915 0.47872369175824175 0.800674621330724 0.47910831428571427 0.8009104667318983 0.5032559065934066 0.7892086242661449 0.5034875016483517 0.788010843444227 0.4887826307692308 0.7106012113502935 0.48869083956043957 0.7105449256360078 0.4651595521978022 0.7224942299412915