0 0.3026840673758865 0 0.27938031306990885 0.03260754414414415 0.2854842963525836 0.04513709099099099 0.2808621691995947 0.05156747387387388 0.2877393125633232 0.06502823333333332 0.2903126540020263 0.0620563009009009 0.31525324518743664 0.02691043873873874 0.30542640324214787 0 0.3026840673758865 0
0 0.33781352178318136 0.24668534234234238 0.3531885227963526 0.21026057117117117 0.3526169427558257 0.20927896216216216 0.33705971833839915 0.1897131198198198 0.3365461276595744 0.19065892972972975 0.3162767462006079 0.23704253423423421 0.31676744731509626 0.23788524504504502 0.3247349782168186 0.24739059189189191 0.3288344523809524 0.23695749819819822 0.33736817274569403 0.24750548108108109 0.33781352178318136 0.24668534234234238
0 0.8579407639311044 0.9977140243243243 0.8586146210739615 0.9981981981981982 0.8592499918946302 0.9981981981981982 0.8677864321175278 0.9606238531531531 0.8317701018237083 0.9184715720720721 0.8180740542046606 0.951236763063063 0.8579407639311044 0.9977140243243243
0 0.42554643870314085 0.996826499099099 0.42644629381965554 0.9680005441441443 0.4062618865248227 0.9762876765765767 0.4057446651469098 0.9874673441441443 0.42554643870314085 0.996826499099099
0 0.3924387178318136 0.9216962531531532 0.39402347568389057 0.9434360855855856 0.3940393941236069 0.943506153153153 0.41034451266464034 0.9339179558558558 0.4146518287740628 0.930823099099099 0.41363750050658565 0.9119286396396395 0.413417861195542 0.9109618657657658 0.3924387178318136 0.9216962531531532
0 0.4126916337386018 0.8886543315315315 0.41324971225937185 0.8994845504504505 0.4034059721377913 0.9007705324324324 0.4038834756838906 0.912914718018018 0.44277363829787236 0.9097052747747748 0.44832826747720367 0.9084923801801802 0.44832826747720367 0.9025044855855856 0.4476475430597771 0.8974437342342343 0.43531198328267473 0.8984185207207207 0.43452948226950355 0.8872370774774775 0.4126916337386018 0.8886543315315315
0 0.39580218237082065 0.8914168576576577 0.4101495840932117 0.8694791324324325 0.41243625075987844 0.8654125738738739 0.4075775602836879 0.8530219405405405 0.40465689463019255 0.847827890990991 0.3884846038500507 0.8729560558558559 0.39580218237082065 0.8914168576576577
0 0.4494678237082067 0.8492224198198198 0.44603361398176294 0.8519037378378379 0.4440838905775076 0.8432090369369369 0.43921340476190474 0.8466684198198199 0.43863008206686926 0.8471743783783784 0.44638781610942246 0.8832044657657657 0.4465466980749747 0.8837837837837837 0.446750833839919 0.8837837837837837 0.45193423606889566 0.8796711801801802 0.45009504863221883 0.8711099675675675 0.4545024853090172 0.8675798846846847 0.4494678237082067 0.8492224198198198
0 0.402165883485309 0.8261048603603603 0.41158116919959475 0.7780100171171171 0.4128340977710233 0.7690732702702703 0.40450243313069906 0.7617364693693693 0.40256520770010135 0.7727343666666666 0.39476190324214794 0.7661057099099099 0.39064048733535967 0.7885364315315315 0.39795508206686925 0.7969040423423424 0.3934225815602837 0.8183418153153154 0.40167113931104353 0.825885490990991 0.402165883485309 0.8261048603603603
0 0.4190852102330294 0.753173890990991 0.41087617071935156 0.7639521378378378 0.42220992350557246 0.8063063063063063 0.42355180496453904 0.8063063063063063 0.42560125886524824 0.8042020351351351 0.431206804964539 0.7974742306306307 0.42199733282674773 0.7621439324324325 0.4190852102330294 0.753173890990991
0 0.4009612467071935 0.7036036036036036 0.40325238044579537 0.7036036036036036 0.40378569503546097 0.6977380774774775 0.40476190476190477 0.6812204765765766 0.40476190476190477 0.6786071027027026 0.3975848981762918 0.6762107315315316 0.39568119351570413 0.675854900900901 0.39338469452887537 0.6998011909909909 0.4009612467071935 0.7036036036036036
0 0.4239641646403242 0.6572421522522522 0.4228241788247214 0.6541203432432432 0.40594092198581555 0.6724898990990991 0.4165657821681864 0.7081081081081081 0.41775277102330294 0.7081081081081081 0.42868324417426545 0.6954845873873874 0.4231673004052685 0.6778013378378378 0.4282208860182371 0.6719939963963963 0.4239641646403242 0.6572421522522522