0 0.6110025568647541 0.8234654016393443 0.6270422233606557 0.8382616921675774 0.6309078288934425 0.8408996775956284 0.6464691511270493 0.7769941630236794 0.647671837090164 0.7714242003642987 0.6275969825819673 0.7530637094717669 0.6110025568647541 0.8234654016393443
0 0.5654852059426229 0.8349162723132969 0.584997962090164 0.8535088652094718 0.5851423130122951 0.8534051821493626 0.6023925112704919 0.802267126593807 0.6020800712090164 0.8008923415300546 0.5831487530737705 0.7833395992714026 0.5654852059426229 0.8349162723132969
0 0.5392107459016393 0.8552400710382513 0.5530049743852459 0.8842477003642987 0.5538818714139344 0.8843021393442623 0.5738056941598362 0.859806631147541 0.5738277115778689 0.8586857267759562 0.5599856352459016 0.82930935428051 0.5392107459016393 0.8552400710382513
0 0.4772972976434426 0.9281398488160291 0.4694992453893443 0.9185032149362478 0.46093956352459015 0.9064576147540984 0.4459301618852459 0.9335552632058289 0.45378203125 0.9451757969034608 0.46115702817622956 0.9546335118397086 0.4628370799180328 0.9542137504553734 0.4772972976434426 0.9281398488160291
0 0.47260785963114754 0.9533542103825137 0.473736150102459 0.9820392030965391 0.47697543596311476 0.9889007887067395 0.4809112233606557 0.982310887978142 0.48413099743852456 0.9902584107468123 0.4848094549180328 0.9901740692167577 0.5381240727459017 0.9054950919854281 0.5380279559426229 0.9030514836065574 0.534970743852459 0.8957494899817852 0.5304549221311475 0.9025065755919854 0.5269512207991803 0.8942879107468124 0.5226256649590164 0.9010923005464481 0.5191476834016393 0.8926385464480874 0.5146125758196721 0.8998075491803279 0.5115894108606557 0.8913733142076502 0.47260785963114754 0.9533542103825137
0 0.5340514661885246 0.6717924735883425 0.5417051588114754 0.6721176921675774 0.5418566424180328 0.6717603142076503 0.5420955486680328 0.6432997340619309 0.5337089769467214 0.6433796721311476 0.5340514661885246 0.6717924735883425
0 0.5395346429303278 0.6830601092896175 0.5512295081967213 0.6682357030965391 0.5512295081967213 0.6657159863387978 0.5473681721311476 0.6563493051001821 0.534688000512295 0.6725248296903461 0.5387678524590165 0.6830601092896175 0.5395346429303278 0.6830601092896175
0 0.5405291024590164 0.6770270837887067 0.5513524595286885 0.6973067950819672 0.5515979395491803 0.6972454617486339 0.5568480548155739 0.6874814280510018 0.5568082177254098 0.6869775063752277 0.5460933862704919 0.6677345919854281 0.5405291024590164 0.6770270837887067
0 0.5480802525614754 0.7057943624772314 0.5548749262295082 0.7095370355191257 0.55556121875 0.7086176429872496 0.5593781926229509 0.6830797295081967 0.5524873232581967 0.678993960837887 0.5480802525614754 0.7057943624772314
0 0.5546515420081968 0.7159039098360656 0.5610734441598361 0.7220620455373405 0.5620119052254098 0.7214548069216757 0.5700444974385246 0.6996164298724955 0.5635035092213114 0.6925031511839709 0.5546515420081968 0.7159039098360656
0 0.4639555056352459 0.7558612795992714 0.5059192489754099 0.7647972969034609 0.5068784969262295 0.7629685546448087 0.5103744088114754 0.7227168743169399 0.46717404303278687 0.7155788615664845 0.4639555056352459 0.7558612795992714