0 0.8083930781573498 0.9209093057090239 0.8651852629399586 0.980502244014733 0.867670015010352 0.9820243057090239 0.8790951107660455 0.9532603885819522 0.8798716211180124 0.9492484640883978 0.8210287329192546 0.8878827357274401 0.8083930781573498 0.9209093057090239
0 0.2897979342650103 0 0.28987188923395446 0.006205899631675875 0.2991389047619048 0.004202828729281768 0.29968521480331267 0.016523819521178637 0.3014754580745342 0.01669073112338858 0.3105590062111801 0.014245231123388583 0.3105590062111801 0.009384624309392265 0.31015328467908904 0.0009024650092081031 0.30047368271221536 0 0.2897979342650103 0
0 0.33012468322981364 0.19588872928176795 0.3561459948240166 0.19220638766114181 0.35265736697722566 0.15628473572744014 0.31957236490683233 0.1613437965009208 0.3195530957556936 0.16232544567219154 0.32102305279503107 0.17874730847145487 0.3275934611801242 0.1776856915285451 0.3291232934782609 0.19582651841620627 0.33012468322981364 0.19588872928176795
0 0.4020712748447205 0.6556169429097606 0.4050803188405797 0.6556169429097606 0.4088665383022774 0.655381726519337 0.40942028985507245 0.6469780782688767 0.40942028985507245 0.64456932320442 0.409301466873706 0.6385160046040516 0.39566064389233957 0.637231788213628 0.39466681521739133 0.6554498453038674 0.4020712748447205 0.6556169429097606
0 0.40833645186335404 0.6259252200736648 0.41568633592132503 0.6593727403314917 0.41576834679089025 0.6596590810313075 0.43618155020703936 0.6455058075506446 0.43788819875776397 0.6439588186003684 0.43788819875776397 0.6421706224677716 0.4319308819875776 0.6215666510128913 0.4208186796066253 0.6290839364640884 0.41892403519668736 0.6198585451197054 0.40833645186335404 0.6259252200736648
0 0.4327902049689441 0.7288185184162063 0.43478260869565216 0.7195847882136279 0.43478260869565216 0.7175240736648251 0.4257409228778468 0.7119233591160221 0.4131570709109731 0.7555259861878453 0.42368003830227746 0.762774820441989 0.4327902049689441 0.7288185184162063
0 0.41862396635610766 0.7425041666666666 0.4167925998964803 0.7294147762430939 0.4158700289855073 0.7253525193370166 0.38424315476190474 0.7425874290976059 0.38607672981366464 0.7597985082872928 0.3921625072463768 0.7574084650092081 0.3929982075569359 0.7711965460405157 0.40168187939958594 0.7669360395948435 0.40691416563147 0.7631752569060773 0.4053977655279503 0.7494581132596685 0.41862396635610766 0.7425041666666666
0 0.3902654865424431 0.8182625930018417 0.4039244994824016 0.8480669410681401 0.40437440269151137 0.8489252430939227 0.41238818167701863 0.839684244014733 0.41490792598343684 0.8355041151012892 0.40174367753623186 0.8061018581952117 0.4013591211180124 0.8053682200736648 0.3902654865424431 0.8182625930018417
0 0.44552686076604553 0.8074519327808471 0.4443938623188406 0.8148840193370166 0.43978668685300204 0.8138227615101289 0.43807104244306416 0.8233946721915285 0.45520868788819874 0.8299805239410681 0.45791145910973086 0.8305709023941068 0.4604664466873706 0.8305709023941068 0.46111405538302275 0.8211878066298343 0.45574841511387165 0.8186473747697974 0.456541382505176 0.8107114742173113 0.44552686076604553 0.8074519327808471
0 0.4246322738095238 0.8800843784530387 0.4301729994824017 0.8768816510128913 0.4333531309523809 0.8960257744014732 0.43745310610766047 0.893655849907919 0.4396843100414079 0.8922810267034991 0.43081857867494827 0.8267723388581952 0.4283169725672878 0.8130755064456722 0.4278980222567288 0.8130755064456722 0.4224378923395445 0.817489561694291 0.42509099378881987 0.8367486620626151 0.419115516563147 0.8412682486187845 0.4246322738095238 0.8800843784530387
0 0.3982429761904762 0.9030195340699816 0.4146095926501035 0.8878674208103131 0.4181387971014493 0.883944194290976 0.4151155698757764 0.8662699604051566 0.41461921273291924 0.864856829650092 0.3944780641821946 0.8823559456721916 0.3982429761904762 0.9030195340699816
0 0.41953775621118017 0.9990791896869244 0.4311594202898551 0.9377789871086557 0.4311594202898551 0.9320213977900553 0.41216794409937885 0.9302507513812154 0.40185879140786746 0.9837936500920811 0.4179266526915114 0.9990791896869244 0.41953775621118017 0.9990791896869244