0 0.7460101968973748 0.13780298513800426 0.7052267684964201 0.18917297239915074 0.7216497183770884 0.23770865286624204 0.7634746121718378 0.18538846602972398 0.7460101968973748 0.13780298513800426
0 0.6556821610978519 0.2174768067940552 0.6735011372315036 0.25990845010615715 0.6745860769689737 0.2597734681528662 0.7034210316229117 0.21286780148619958 0.7033113550119332 0.21007722505307855 0.6861514194510739 0.16899006157112526 0.6556821610978519 0.2174768067940552
0 0.627052545346062 0.26051583333333334 0.6466296091885442 0.29855878450106155 0.6481777398568019 0.29826928343949044 0.668581090692124 0.2635998906581741 0.6684547255369929 0.26146078768577496 0.649280262529833 0.22197465392781315 0.627052545346062 0.26051583333333334
0 0.5526737702863962 0.3722458365180467 0.6249086479713604 0.45292435031847134 0.6260424618138426 0.45219012314225054 0.6292714809069213 0.44213118152866243 0.6230391706443914 0.4363048779193206 0.6274424797136038 0.4233588036093418 0.621477799522673 0.4165544087048832 0.6255701133651551 0.40559941719745224 0.6196953072792364 0.39861189278131637 0.6231463890214798 0.38755179511677285 0.6228358460620524 0.3860337696390658 0.5503813949880668 0.3041081666666667 0.5458092702863961 0.3164052685774947 0.552422987470167 0.3243713205944799 0.5484011670644392 0.33522400955414017 0.5543874427207638 0.34311554140127387 0.550823433770883 0.3545302940552017 0.5566143550119332 0.36182199787685776 0.5526737702863962 0.3722458365180467
0 0.5228787147971361 0.33022957430997874 0.5225416354415274 0.37783811252653926 0.5231255310262529 0.37864976220806795 0.5471224146778043 0.378344559447983 0.5478316766109785 0.3767293832271762 0.5480136939140812 0.33024220276008487 0.5228787147971361 0.33022957430997874
0 0.5363005441527446 0.11850967834394904 0.5536494468973747 0.16181992569002124 0.5551337034606205 0.1621441730360934 0.5965895519093078 0.11955025265392781 0.5967123287589499 0.11777116454352442 0.580417045346062 0.0720214288747346 0.5363005441527446 0.11850967834394904
0 0.6162201402147972 0.02178783651804671 0.6174002840095465 0.03808947770700637 0.6176504516706444 0.03831626539278132 0.6357015817422434 0.03260512208067941 0.6359566706443914 0.031714386411889596 0.6344921509546539 0.016051656050955414 0.6162201402147972 0.02178783651804671
0 0.622368603221957 0.04565587048832272 0.6400597780429594 0.053609150743099784 0.6405201915274463 0.05296914968152867 0.642772714797136 0.0389513949044586 0.6421926163484486 0.03763035774946922 0.6245127195704058 0.029974599787685775 0.622368603221957 0.04565587048832272
0 0.6404735948687351 0.0748969957537155 0.6446491294749404 0.041871240976645435 0.6443589522673031 0.041255960721868365 0.6357712213603819 0.03846351061571125 0.631615491646778 0.07078723673036094 0.6404735948687351 0.0748969957537155
0 0.6359585883054893 0.059093267515923566 0.633956406921241 0.07449609447983015 0.6339638735083531 0.07451137579617835 0.6521278424821002 0.08164782908704883 0.6528654021479714 0.08050709766454353 0.6546270644391409 0.06664210615711252 0.6542068436754176 0.06578202760084925 0.6359585883054893 0.059093267515923566
0 0.6503484606205251 0.10181636624203821 0.6634844868735084 0.08467082165605096 0.6634844868735084 0.07963906369426751 0.6593989451073986 0.06922592675159236 0.6440898896181384 0.08975056475583865 0.6491508669451074 0.10177917409766454 0.6503484606205251 0.10181636624203821