0 0.660383463645943 0.15598251779026218 0.6195580463645943 0.18573363857677902 0.6282695869336143 0.23324350936329588 0.670097170179136 0.2030434232209738 0.660383463645943 0.15598251779026218
0 0.5765158535300317 0.2053753305243446 0.5823246849315068 0.25093899719101126 0.583227145943098 0.25152273689138577 0.6159568493150684 0.23213264887640447 0.6164317028451002 0.22981408707865167 0.6108831064278187 0.18575441573033707 0.5765158535300317 0.2053753305243446
0 0.5490897929399368 0.25680943632958797 0.5679802139093784 0.29125708333333333 0.5685504610115911 0.2911505692883895 0.5870960173867228 0.2609745945692884 0.5869515484720759 0.2585318389513109 0.5693273113804005 0.2257363838951311 0.5490897929399368 0.25680943632958797
0 0.46885243624868284 0.33187156647940075 0.4685382439409905 0.3435713380149813 0.47475454952581664 0.34371 0.47420709220231827 0.3570212631086142 0.48043321338250794 0.35811926498127344 0.47968181190727077 0.3696441956928839 0.4858784836670179 0.3709501460674157 0.4856548883034773 0.38212037921348313 0.4862280869336143 0.3830702968164794 0.5608753319283456 0.39569654681647937 0.5618334183350896 0.3938706610486891 0.5625341296101158 0.3829158117977528 0.5555356069546892 0.38136727715355806 0.5562545969441517 0.3699729691011236 0.5497665295047419 0.36803598314606745 0.5499986728134879 0.35652612078651685 0.5437994625922024 0.35492135486891385 0.5445511649104321 0.34392194943820226 0.46885243624868284 0.33187156647940075
0 0.4527996369863014 0.33602650749063667 0.4643508645943098 0.3683620028089888 0.465622145943098 0.3685994606741573 0.48495912223393045 0.3474573941947566 0.48498709378292937 0.34698443258426964 0.47334312170706005 0.31384768913857675 0.4527996369863014 0.33602650749063667
0 0.4756974504741833 0.1080580711610487 0.4919417181243414 0.17948988857677903 0.49264574236037934 0.17982513483146068 0.5165368693361433 0.16059811891385767 0.5168687744994731 0.15839678370786517 0.4998241048472076 0.08575939700374532 0.4756974504741833 0.1080580711610487
0 0.5451139994731297 0.03788075093632959 0.5448569936775554 0.0664249756554307 0.5456869762908324 0.06757737734082397 0.5528798493150685 0.06792432771535581 0.5531257845100105 0.06736491011235955 0.5534042539515279 0.038823303370786516 0.5451139994731297 0.03788075093632959
0 0.5458527961011591 0.062436159176029966 0.5583428614330874 0.08052684644194757 0.558845571654373 0.08032059082397004 0.5635884994731296 0.07060892041198502 0.5634013340358272 0.06916817696629213 0.5508578888303477 0.05132280524344569 0.5458527961011591 0.062436159176029966
0 0.5586527876712328 0.09525203651685393 0.567723645943098 0.07012042696629213 0.5675873055848262 0.06945471816479401 0.5609353819810328 0.06253097378277153 0.5520001253951528 0.0870913511235955 0.5586527876712328 0.09525203651685393
0 0.5579068951527925 0.10091483707865169 0.5640517961011591 0.10697362640449438 0.5653074641728135 0.1059330543071161 0.572441124341412 0.08253757490636704 0.571833791886196 0.08022295973782773 0.5657512028451002 0.07429544194756554 0.5579068951527925 0.10091483707865169
0 0.5693376923076923 0.08991630617977528 0.5696907233930454 0.11834889513108614 0.5705851780821918 0.11950379400749064 0.5777080711275027 0.11952207584269663 0.5780075616438356 0.11878950842696628 0.5774314272918861 0.08945974438202248 0.5693376923076923 0.08991630617977528